real,,,x raw,y raw,x,y,x calib,y calib
x initial,0.96812,,57.401935,129.47059,57.401935,129.47059,7.97981690005905,1.87837628357348
x final,25,,0.436542,1.26478,57.838477,130.73537,8.04050344710987,1.89672587753099
y initial,0.76,,0.436542,1.26479,58.275019,132.00016,8.10118999416069,1.9150756165698
y final,0,,0.436542,1.26478,58.711561,133.26494,8.16187654121151,1.9334252105273
,,,0.436542,1.26479,59.148103,134.52973,8.22256308826233,1.95177494956611
,,,0.436542,0.38757,59.584645,134.9173,8.28324963531315,1.95739786590738
x diff real,24.03188,,0.436542,0.38757,60.021187,135.30487,8.34393618236397,1.96302078224864
x diff draw,172.870685000002,,0.436543,0.38756,60.45773,135.69243,8.40462286843131,1.9686435535086
x calib factor,0.139016513991367,,0.436542,0.38757,60.894272,136.08,8.46530941548213,1.97426646984987
,,,0.436542,-0.47048,61.330814,135.60952,8.52599596253295,1.96744068436534
y diff real,-0.76,,0.436542,-0.47048,61.767356,135.13904,8.58668250958377,1.96061489888081
y diff draw,-52.384418,,0.436542,-0.47048,62.203898,134.66856,8.64736905663459,1.95378911339628
y calib factor,0.014508131024764,,0.436542,-0.47048,62.64044,134.19808,8.70805560368541,1.94696332791175
,,,0.436542,-1.26079,63.076982,132.93729,8.76874215073623,1.92867162139703
,,,0.436543,-1.26079,63.513525,131.6765,8.82942883680356,1.91037991488232
,,,0.436542,-1.26079,63.950067,130.41571,8.89011538385438,1.89208820836761
,,,0.436542,-1.26079,64.386609,129.15492,8.9508019309052,1.8737965018529
,,,0.436542,-1.94101,64.823151,127.21391,9.01148847795602,1.84563607445252
,,,0.436542,-1.941,65.259693,125.27291,9.07217502500684,1.81747579213345
,,,0.436543,-1.94101,65.696236,123.3319,9.13286171107417,1.78931536473308
,,,0.436542,-1.94101,66.132778,121.39089,9.19354825812499,1.7611549373327
,,,0.436542,-2.47712,66.5693200000001,118.91377,9.25423480517581,1.72521655580864
,,,0.436542,-2.47712,67.0058620000001,116.43665,9.31492135222663,1.68927817428457
,,,0.436542,-2.47712,67.4424040000001,113.95953,9.37560789927745,1.65333979276051
,,,0.436542,-2.47712,67.8789460000001,111.48241,9.43629444632827,1.61740141123645
,,,0.436542,-2.84504,68.3154880000001,108.63737,9.49698099337909,1.57612519814575
,,,0.436542,-2.84504,68.7520300000001,105.79233,9.55766754042991,1.53484898505506
,,,0.436543,-2.84505,69.1885730000001,102.94728,9.61835422649724,1.49357262688306
,,,0.436542,-2.84504,69.6251150000001,100.10224,9.67904077354806,1.45229641379236
,,,0.436542,-3.031518,70.0616570000001,97.070722,9.73972732059888,1.40831475344443
,,,0.436542,-3.031519,70.4981990000001,94.0392030000001,9.8004138676497,1.36433307858837
,,,0.436542,-3.031518,70.9347410000001,91.007685,9.86110041470052,1.32035141824044
,,,0.436542,-3.031518,71.3712830000001,87.976167,9.92178696175134,1.27636975789251
,,,0.436542,-3.034387,71.8078250000001,84.94178,9.98247350880216,1.23234647371667
,,,0.436542,-3.034386,72.2443670000001,81.907394,10.043160055853,1.18832320404896
,,,0.436543,-3.034387,72.6809100000001,78.873007,10.1038467419203,1.14429991987312
,,,0.436542,-3.034387,73.1174520000001,75.8386200000001,10.1645332889711,1.10027663569728
,,,0.436542,-2.862171,73.5539940000001,72.976449,10.225219836022,1.058751883814
,,,0.436542,-2.862172,73.9905360000001,70.114277,10.2859063830728,1.01722711742259
,,,0.436542,-2.862171,74.4270780000001,67.252106,10.3465929301236,0.97570236553931
,,,0.436542,-2.862171,74.8636200000001,64.389935,10.4072794771744,0.93417761365603
,,,0.436542,-2.533087,75.3001620000001,61.856848,10.4679660242252,0.897427255562904
,,,0.436542,-2.533087,75.7367040000001,59.323761,10.5286525712761,0.860676897469778
,,,0.436543,-2.533088,76.1732470000001,56.790673,10.5893392573434,0.823926524868521
,,,0.436542,-2.533087,76.6097890000001,54.257586,10.6500258043942,0.787176166775395
,,,0.436542,-2.073532,77.0463310000001,52.184054,10.710712351445,0.757093092835354
,,,0.436542,-2.073533,77.4828730000001,50.110521,10.7713988984958,0.727010004387183
,,,0.436543,-2.073532,77.9194160000001,48.036989,10.8320855845632,0.696926930447142
,,,0.436542,-2.073533,78.3559580000001,45.963456,10.892772131614,0.66684384199897
,,,0.436542,-1.516178,78.7925000000001,44.447278,10.9534586786648,0.644846932918106
,,,0.436542,-1.516177,79.2290420000001,42.931101,11.0141452257156,0.622850038345372
,,,0.436542,-1.516178,79.6655840000001,41.4149230000001,11.0748317727665,0.600853129264508
,,,0.436542,-1.516178,80.1021260000001,39.898745,11.1355183198173,0.578856220183644
,,,0.436542,-0.897786,80.5386680000001,39.000959,11.1962048668681,0.565831023263445
,,,0.436542,-0.897786,80.9752100000001,38.1031730000001,11.2568914139189,0.552805826343246
,,,0.436543,-0.897787,81.4117530000001,37.2053860000001,11.3175780999863,0.539780614914917
,,,0.436542,-0.897786,81.8482950000001,36.3076,11.3782646470371,0.526755417994718
,,,0.436542,-0.2569,82.2848370000001,36.0507,11.4389511940879,0.523028279134456
,,,0.436542,-0.2569,82.7213790000002,35.7938,11.4996377411387,0.519301140274194
,,,0.436542,-0.2569,83.1579210000001,35.5369,11.5603242881895,0.515574001413932
,,,0.436542,-0.2569,83.5944630000001,35.28,11.6210108352404,0.511846862553671
,,,0.436542,0.368466,84.0310050000002,35.648466,11.6816973822912,0.517192615559841
,,,0.436542,0.368466,84.4675470000002,36.016932,11.742383929342,0.522538368566012
,,,0.436543,0.368466,84.9040900000002,36.385398,11.8030706154093,0.527884121572182
,,,0.436542,0.368466,85.3406320000002,36.753864,11.8637571624601,0.533229874578353
,,,0.436542,0.94299,85.7771740000002,37.696854,11.924443709511,0.546910897053395
,,,0.436542,0.94299,86.2137160000002,38.639844,11.9851302565618,0.560591919528437
,,,0.436543,0.942991,86.6502590000002,39.582835,12.0458169426291,0.57427295651161
,,,0.436542,0.94299,87.0868010000002,40.525825,12.1065034896799,0.587953978986652
,,,0.436542,1.435955,87.5233430000002,41.96178,12.1671900367308,0.608787002272317
,,,0.436542,1.435956,87.9598850000002,43.397736,12.2278765837816,0.629620040066113
,,,0.436542,1.435955,88.3964270000002,44.833691,12.2885631308324,0.650453063351778
,,,0.436542,1.435955,88.8329690000002,46.269646,12.3492496778832,0.671286086637443
,,,0.436542,1.822799,89.2695110000002,48.092445,12.409936224934,0.697731493361251
,,,0.436542,1.822798,89.7060530000002,49.915243,12.4706227719849,0.724176885576929
,,,0.436543,1.822799,90.1425960000002,51.738042,12.5313094580522,0.750622292300737
,,,0.436542,1.822799,90.5791380000002,53.560841,12.591996005103,0.777067699024546
,,,0.436542,2.08624,91.0156800000002,55.647081,12.6526825521538,0.807335142293649
,,,0.436542,2.086239,91.4522220000002,57.73332,12.7133690992047,0.837602571054622
,,,0.436542,2.08624,91.8887640000002,59.81956,12.7740556462555,0.867870014323725
,,,0.436542,2.08624,92.3253060000002,61.9058,12.8347421933063,0.898137457592829
,,,0.436542,2.21693,92.7618480000002,64.12273,12.8954287403571,0.930300968505559
,,,0.436542,2.21693,93.1983900000002,66.3396600000001,12.9561152874079,0.962464479418288
,,,0.436543,2.21693,93.6349330000002,68.5565900000001,13.0168019734753,0.994627990331018
,,,0.436542,2.21693,94.0714750000002,70.7735200000001,13.0774885205261,1.02679150124375
,,,0.436542,2.213618,94.5080170000002,72.9871380000001,13.1381750675769,1.05890696122652
,,,0.436542,2.213617,94.9445590000002,75.2007550000001,13.1988616146277,1.09102240670117
,,,0.436543,2.213618,95.3811020000002,77.4143730000001,13.2595483006951,1.12313786668394
,,,0.436542,2.213617,95.8176440000002,79.6279900000001,13.3202348477459,1.15525331215859
,,,0.436542,2.082835,96.2541860000002,81.7108250000001,13.3809213947967,1.18547135524155
,,,0.436542,2.082835,96.6907280000002,83.7936600000001,13.4416079418475,1.21568939832452
,,,0.436542,2.082835,97.1272700000002,85.8764950000001,13.5022944888983,1.24590744140748
,,,0.436542,2.082835,97.5638120000002,87.9593300000001,13.5629810359492,1.27612548449045
,,,0.436542,1.838156,98.0003540000002,89.7974860000001,13.623667583,1.3027936925824
,,,0.436542,1.838157,98.4368960000002,91.6356430000001,13.6843541300508,1.32946191518249
,,,0.436543,1.838156,98.8734390000002,93.4737990000001,13.7450408161181,1.35613012327444
,,,0.436542,1.838156,99.3099810000002,95.3119550000001,13.805727363169,1.3827983313664
,,,0.436542,1.499079,99.7465230000002,96.8110340000001,13.8664139102198,1.40454716591487
,,,0.436547,1.499079,100.18307,98.310113,13.9271011523532,1.42629600046334
,,,0.43654,1.499078,100.61961,99.8091910000001,13.9877874213709,1.44804482050369
,,,0.43654,1.499079,101.05615,101.30827,14.0484736903887,1.46979365505216
,,,0.43654,1.08962,101.49269,102.39789,14.1091599594065,1.48560200477936
,,,0.43654,1.08961,101.92923,103.4875,14.1698462284243,1.50141020942525
,,,0.43655,1.08962,102.36578,104.57712,14.2305338876073,1.51721855915246
,,,0.43654,1.08962,102.80232,105.66674,14.291220156625,1.53302690887966
,,,0.43654,0.63671,103.23886,106.30345,14.3519064256428,1.54226438098444
,,,0.43654,0.63672,103.6754,106.94017,14.4125926946606,1.55150199817052
,,,0.43655,0.63671,104.11195,107.57688,14.4732803538436,1.5607394702753
,,,0.43654,0.63672,104.54849,108.2136,14.5339666228613,1.56997708746139
,,,0.43654,0.16854,104.98503,108.38214,14.5946528918791,1.5724222878643
,,,0.43654,0.16854,105.42157,108.55068,14.6553391608969,1.57486748826722
,,,0.43655,0.16854,105.85812,108.71922,14.7160268200799,1.57731268867013
,,,0.43654,0.16854,106.29466,108.88776,14.7767130890976,1.57975788907304
,,,0.43654,-0.2872,106.7312,108.60056,14.8373993581154,1.57559115384273
,,,0.43654,-0.2872,107.16774,108.31336,14.8980856271332,1.57142441861242
,,,0.43654,-0.2872,107.60428,108.02616,14.958771896151,1.56725768338211
,,,0.43654,-0.2872,108.04082,107.73896,15.0194581651688,1.56309094815179
,,,0.43654,-0.70481,108.47736,107.03415,15.0801444341866,1.55286547232423
,,,0.43654,-0.70481,108.9139,106.32934,15.1408307032044,1.54263999649667
,,,0.43655,-0.7048,109.35045,105.62454,15.2015183623873,1.53241466575041
,,,0.43654,-0.70481,109.78699,104.91973,15.2622046314051,1.52218918992285
,,,0.43654,-1.06202,110.22353,103.85771,15.3228909004229,1.50678126461193
,,,0.43654,-1.06202,110.66007,102.79569,15.3835771694407,1.49137333930101
,,,0.43655,-1.06201,111.09662,101.73368,15.4442648286236,1.4759655590714
,,,0.43654,-1.06202,111.53316,100.67166,15.5049510976414,1.46055763376048
,,,0.43654,-1.341087,111.9697,99.330573,15.5656373666592,1.44110096784887
,,,0.43654,-1.341087,112.40624,97.989486,15.626323635677,1.42164430193727
,,,0.43655,-1.341088,112.84279,96.648398,15.6870112948599,1.40218762151753
,,,0.43654,-1.341087,113.27933,95.307311,15.7476975638777,1.38273095560592
,,,0.43654,-1.529631,113.71587,93.77768,15.8083838328955,1.36053886863838
,,,0.43654,-1.529631,114.15241,92.248049,15.8690701019133,1.33834678167084
,,,0.43655,-1.529632,114.58896,90.718417,15.9297577610962,1.31615468019517
,,,0.43654,-1.529631,115.0255,89.188786,15.990444030114,1.29396259322763
,,,0.43654,-1.62106,115.46204,87.567726,16.0511302991318,1.27044404234862
,,,0.43654,-1.62106,115.89858,85.946666,16.1118165681496,1.24692549146962
,,,0.43655,-1.621059,116.33513,84.325607,16.1725042273325,1.22340695509875
,,,0.43654,-1.62106,116.77167,82.704547,16.2331904963503,1.19988840421974
,,,0.43654,-1.614698,117.20821,81.089849,16.2938767653681,1.17646215407032
,,,0.43654,-1.614698,117.64475,79.475151,16.3545630343859,1.15303590392089
,,,0.43655,-1.614699,118.0813,77.860452,16.4152506935688,1.12960963926334
,,,0.43654,-1.614698,118.51784,76.245754,16.4759369625866,1.10618338911391
,,,0.43654,-1.515543,118.95438,74.730211,16.5366232316044,1.08419569269625
,,,0.43654,-1.515542,119.39092,73.214669,16.5973095006222,1.06220801078672
,,,0.43654,-1.515542,119.82746,71.699127,16.65799576964,1.04022032887719
,,,0.43654,-1.515543,120.264,70.183584,16.7186820386578,1.01823263245952
,,,0.43654,-1.333701,120.70054,68.849883,16.7793683076756,0.998883123603663
,,,0.43654,-1.3337,121.13708,67.516183,16.8400545766934,0.979533629255936
,,,0.43655,-1.333701,121.57363,66.182482,16.9007422358763,0.960184120400077
,,,0.43654,-1.333701,122.01017,64.848781,16.9614285048941,0.940834611544218
,,,0.43654,-1.08357,122.44671,63.765211,17.0221147739119,0.925114036009715
,,,0.43654,-1.08357,122.88325,62.681641,17.0828010429297,0.909393460475211
,,,0.43655,-1.08357,123.3198,61.598071,17.1434887021126,0.893672884940708
,,,0.43654,-1.08357,123.75634,60.514501,17.2041749711304,0.877952309406205
,,,0.43654,-0.782805,124.19288,59.731696,17.2648612401482,0.866595271899364
,,,0.43654,-0.782804,124.62942,58.948892,17.325547509166,0.855238248900655
,,,0.43655,-0.782804,125.06597,58.166088,17.3862351683489,0.843881225901946
,,,0.43654,-0.782805,125.50251,57.383283,17.4469214373667,0.832524188395106
,,,0.43654,-0.451141,125.93905,56.932142,17.5076077063845,0.825978975656462
,,,0.43654,-0.451141,126.37559,56.481001,17.5682939754023,0.819433762917819
,,,0.43655,-0.45114,126.81214,56.029861,17.6289816345852,0.812888564687307
,,,0.43654,-0.451141,127.24868,55.57872,17.689667903603,0.806343351948664
,,,0.43654,-0.109163,127.68522,55.469557,17.7503541726208,0.804759600841608
,,,0.43654,-0.109164,128.12176,55.360393,17.8110404416386,0.803175835226421
,,,0.43655,-0.109163,128.55831,55.25123,17.8717281008215,0.801592084119364
,,,0.43654,-0.109164,128.99485,55.142066,17.9324143698393,0.800008318504177
,,,0.43654,0.222922,129.43139,55.364988,17.9931006388571,0.803242500088479
,,,0.43654,0.222923,129.86793,55.587911,18.0537869078749,0.806476696180913
,,,0.43655,0.222923,130.30448,55.810834,18.1144745670578,0.809710892273346
,,,0.43654,0.222922,130.74102,56.033756,18.1751608360756,0.812945073857649
,,,0.43654,0.526438,131.17756,56.560194,18.2358471050934,0.820582705338063
,,,0.43654,0.526439,131.6141,57.086633,18.2965333741112,0.828220351326609
,,,0.43654,0.526439,132.05064,57.613072,18.357219643129,0.835857997315155
,,,0.43654,0.526438,132.48718,58.13951,18.4179059121468,0.843495628795569
,,,0.43654,0.785238,132.92372,58.924748,18.4785921811646,0.854887964585193
,,,0.43654,0.785239,133.36026,59.709987,18.5392784501824,0.866280314882948
,,,0.43655,0.785238,133.79681,60.495225,18.5999661093653,0.877672650672571
,,,0.43654,0.785238,134.23335,61.280463,18.6606523783831,0.889064986462195
,,,0.43654,0.986516,134.66989,62.266979,18.7213386474009,0.903377489848221
,,,0.43654,0.986516,135.10643,63.253495,18.7820249164187,0.917689993234247
,,,0.43655,0.986516,135.54298,64.240011,18.8427125756016,0.932002496620272
,,,0.43654,0.986516,135.97952,65.226527,18.9033988446194,0.946315000006298
,,,0.43654,1.12139,136.41606,66.347917,18.9640851136372,0.962584273056158
,,,0.43654,1.12139,136.8526,67.469307,19.024771382655,0.978853546106019
,,,0.43655,1.12139,137.28915,68.590697,19.0854590418379,0.995122819155879
,,,0.43654,1.12139,137.72569,69.712087,19.1461453108557,1.01139209220574
,,,0.43654,1.185226,138.16223,70.897313,19.2068315798735,1.0285875063077
,,,0.43655,1.185227,138.59878,72.08254,19.2675192390564,1.04578293491778
,,,0.43654,1.185226,139.03532,73.267766,19.3282055080742,1.06297834901974
,,,0.43654,1.185227,139.47186,74.452993,19.388891777092,1.08017377762983
,,,0.43654,1.177708,139.9084,75.630701,19.4495780461098,1.09726011960274
,,,0.43654,1.177708,140.34494,76.808409,19.5102643151276,1.11434646157565
,,,0.43655,1.177707,140.78149,77.986116,19.5709519743105,1.13143278904043
,,,0.43654,1.177708,141.21803,79.1638239999999,19.6316382433283,1.14851913101335
,,,0.43654,1.102643,141.65457,80.266467,19.6923245123461,1.16451642013089
,,,0.43655,1.102644,142.09112,81.369111,19.7530121715291,1.18051372375656
,,,0.43654,1.102643,142.52766,82.4717539999999,19.8136984405469,1.19651101287409
,,,0.43654,1.102643,142.9642,83.574397,19.8743847095646,1.21250830199163
,,,0.43654,0.967559,143.40074,84.541956,19.9350709785824,1.22654577473782
,,,0.43654,0.967559,143.83728,85.5095149999999,19.9957572476002,1.24058324748401
,,,0.43654,0.967558,144.27382,86.4770729999999,20.056443516618,1.25462070572207
,,,0.43654,0.967559,144.71036,87.4446319999999,20.1171297856358,1.26865817846826
,,,0.43654,0.783083,145.1469,88.2277149999999,20.1778160546536,1.28001924923553
,,,0.43654,0.783082,145.58344,89.0107969999999,20.2385023236714,1.29138030549466
,,,0.43655,0.783083,146.01999,89.7938799999999,20.2991899828543,1.30274137626192
,,,0.43654,0.783082,146.45653,90.5769619999999,20.3598762518721,1.31410243252106
,,,0.43654,0.562189,146.89307,91.1391509999999,20.4205625208899,1.32225874419374
,,,0.43655,0.562188,147.32962,91.7013389999999,20.4812501800729,1.33041504135829
,,,0.43654,0.562189,147.76616,92.2635279999999,20.5419364490906,1.33857135303097
,,,0.43654,0.562188,148.2027,92.8257159999999,20.6026227181084,1.34672765019552
,,,0.43654,0.319336,148.63924,93.145052,20.6633089871262,1.35136061872444
,,,0.43655,0.319336,149.07579,93.464388,20.7239966463092,1.35599358725337
,,,0.43654,0.319336,149.51233,93.783724,20.784682915327,1.36062655578229
,,,0.43654,0.319336,149.94887,94.10306,20.8453691843447,1.36525952431122
,,,0.43654,0.06957,150.38541,94.17263,20.9060554533625,1.36626885498661
,,,0.43655,0.06957,150.82196,94.2422,20.9667431125455,1.367278185662
,,,0.43654,0.06957,151.2585,94.31177,21.0274293815633,1.3682875163374
,,,0.43654,0.06957,151.69504,94.38134,21.0881156505811,1.36929684701279
,,,0.43654,-0.172394,152.13158,94.208946,21.1488019195989,1.36679573227291
,,,0.43655,-0.172394,152.56813,94.036552,21.2094895787818,1.36429461753302
,,,0.43654,-0.172394,153.00467,93.864158,21.2701758477996,1.36179350279314
,,,0.43654,-0.172394,153.44121,93.691764,21.3308621168174,1.35929238805326
,,,0.43654,-0.392963,153.87775,93.298801,21.3915483858352,1.35359122936137
,,,0.43655,-0.392963,154.3143,92.905838,21.4522360450181,1.34789007066949
,,,0.43654,-0.392962,154.75084,92.512876,21.5129223140359,1.34218892648573
,,,0.43654,-0.392963,155.18738,92.119913,21.5736085830537,1.33648776779385
,,,0.43654,-0.580436,155.62392,91.539477,21.6342948520715,1.32806672625436
,,,0.43654,-0.580437,156.06046,90.95904,21.6949811210893,1.31964567020674
,,,0.43654,-0.580436,156.497,90.378604,21.7556673901071,1.31122462866725
,,,0.43654,-0.580436,156.93354,89.798168,21.8163536591249,1.30280358712776
,,,0.43654,-0.725572,157.37008,89.072596,21.8770399281426,1.29227689348386
,,,0.43655,-0.725571,157.80663,88.347025,21.9377275873256,1.28175021434809
,,,0.43654,-0.725571,158.24317,87.621454,21.9984138563434,1.27122353521232
,,,0.43654,-0.725572,158.67971,86.895882,22.0591001253612,1.26069684156842
,,,0.43654,-0.822005,159.116250000001,86.073877,22.119786394379,1.24877108532541
,,,0.43655,-0.822005,159.552800000001,85.251872,22.1804740535619,1.2368453290824
,,,0.43654,-0.822006,159.989340000001,84.429866,22.2411603225797,1.22491955833126
,,,0.43654,-0.822005,160.425880000001,83.607861,22.3018465915975,1.21299380208825
,,,0.43654,-0.866481,160.862420000001,82.74138,22.3625328606153,1.20042278220978
,,,0.43655,-0.866482,161.298970000001,81.874898,22.4232205197982,1.18785174782318
,,,0.43654,-0.866482,161.735510000001,81.008416,22.483906788816,1.17528071343658
,,,0.43654,-0.866481,162.172050000001,80.141935,22.5445930578338,1.16270969355811
,,,0.43654,-0.858896,162.608590000001,79.283039,22.6052793268516,1.15024871785346
,,,0.43655,-0.858896,163.045140000001,78.424143,22.6659669860345,1.13778774214882
,,,0.43654,-0.858897,163.481680000001,77.565246,22.7266532550523,1.12532675193604
,,,0.43654,-0.858896,163.918220000001,76.70635,22.7873395240701,1.1128657762314
,,,0.43654,-0.80215,164.354760000001,75.9042,22.8480257930879,1.10122807892988
,,,0.43655,-0.80215,164.791310000001,75.10205,22.9087134522708,1.08959038162837
,,,0.43654,-0.802149,165.227850000001,74.299901,22.9693997212886,1.07795269883498
,,,0.43654,-0.80215,165.664390000001,73.497751,23.0300859903064,1.06631500153347
,,,0.43654,-0.701841,166.100930000001,72.79591,23.0907722593242,1.05613260034692
,,,0.43655,-0.701841,166.537480000001,72.094069,23.1514599185071,1.04595019916037
,,,0.43654,-0.70184,166.974020000001,71.392229,23.2121461875249,1.03576781248195
,,,0.43654,-0.701841,167.410560000001,70.690388,23.2728324565427,1.0255854112954
,,,0.43654,-0.565815,167.847100000001,70.124573,23.3335187255605,1.01737649313962
,,,0.43654,-0.565815,168.283640000001,69.558758,23.3942049945783,1.00916757498384
,,,0.43654,-0.565814,168.720180000001,68.992944,23.4548912635961,1.0009586713362
,,,0.43654,-0.565815,169.156720000001,68.427129,23.5155775326139,0.99274975318042
,,,0.43654,-0.403604,169.593260000001,68.023525,23.5762638016317,0.986894213466301
,,,0.43655,-0.403605,170.029810000001,67.61992,23.6369514608146,0.981038659244051
,,,0.43654,-0.403604,170.466350000001,67.216316,23.6976377298324,0.975183119529932
,,,0.43654,-0.403604,170.902890000001,66.812712,23.7583239988502,0.969327579815814
,,,0.43654,-0.225801,171.339430000001,66.5869109999999,23.819010267868,0.966051629322291
,,,0.43655,-0.225801,171.775980000001,66.3611099999999,23.8796979270509,0.962775678828768
,,,0.43654,-0.225802,172.212520000001,66.1353079999999,23.9403841960687,0.959499713827114
,,,0.43654,-0.225801,172.649060000001,65.9095069999999,24.0010704650865,0.956223763333592
,,,0.43654,-0.0434,173.085600000001,65.8661069999999,24.0617567341043,0.955594110447117
,,,0.43655,-0.04339,173.522150000001,65.8227169999999,24.1224443932872,0.954964602641952
,,,0.43654,-0.0434,173.958690000001,65.7793169999999,24.183130662305,0.954334949755477
,,,0.43654,-0.04339,174.395230000001,65.7359269999999,24.2438169313228,0.953705441950313
,,,0.43654,0.132881,174.831770000001,65.8688079999999,24.3045032003406,0.955633296909014
,,,0.43655,0.132882,175.268320000001,66.0016899999999,24.3651908595235,0.957561166375847
,,,0.43654,0.132881,175.704860000001,66.1345709999999,24.4258771285413,0.959489021334549
,,,0.43654,0.132881,176.141400000001,66.2674519999999,24.4865633975591,0.96141687629325
,,,0.43654,0.293152,176.577940000001,66.5606039999999,24.5472496665769,0.965669963919422
,,,0.43655,0.293153,177.014490000001,66.8537569999999,24.6079373257599,0.969923066053724
,,,0.43654,0.293153,177.451030000001,67.1469099999999,24.6686235947776,0.974176168188027
,,,0.43654,0.293152,177.887570000001,67.4400619999999,24.7293098637954,0.978429255814199
,,,0.43654,0.428937,178.324110000001,67.8689989999999,24.7899961328132,0.984652330011568
,,,0.43655,0.428937,178.760660000001,68.2979359999999,24.8506837919962,0.990875404208937
,,,0.43654,0.428937,179.197200000001,68.7268729999999,24.911370061014,0.997098478406307
,,,0.43654,0.428937,179.633740000001,69.1558099999999,24.9720563300318,1.00332155260368
,,,0.43654,0.533565,180.070280000001,69.6893749999999,25.0327425990495,1.0110625835339
,,,0.43654,0.533564,180.506820000001,70.2229389999999,25.0934288680673,1.018803599956
,,,0.43654,0.533565,180.943360000001,70.7565039999999,25.1541151370851,1.02654463088623
,,,0.43654,0.533564,181.379900000001,71.2900679999999,25.2148014061029,1.03428564730833
,,,0.43654,0.602478,181.816440000001,71.8925459999999,25.2754876751207,1.04302647707186
,,,0.43655,0.602477,182.252990000001,72.4950229999999,25.3361753343036,1.05176729232727
,,,0.43654,0.602477,182.689530000001,73.0974999999999,25.3968616033214,1.06050810758268
,,,0.43654,0.602478,183.126070000001,73.6999779999999,25.4575478723392,1.06924893734621
,,,0.43654,0.633393,183.562610000001,74.3333709999999,25.518234141357,1.07843828598038
,,,0.43655,0.633392,183.999160000001,74.9667629999999,25.57892180054,1.08762762010642
,,,0.43654,0.633393,184.435700000001,75.6001559999999,25.6396080695577,1.09681696874059
,,,0.43654,0.633393,184.872240000001,76.2335489999999,25.7002943385755,1.10600631737476
,,,0.43654,0.626327,185.308780000001,76.8598759999999,25.7609806075933,1.1150931515551
,,,0.43655,0.626327,185.745330000001,77.4862029999999,25.8216682667763,1.12417998573545
,,,0.43654,0.626326,186.181870000001,78.1125289999999,25.8823545357941,1.13326680540767
,,,0.43654,0.626327,186.618410000001,78.7388559999999,25.9430408048119,1.14235363958802
,,,0.43654,0.583484,187.054950000001,79.3223399999999,26.0037270738296,1.15081890191087
,,,0.43655,0.583484,187.491500000001,79.9058239999999,26.0644147330126,1.15928416423372
,,,0.43654,0.583484,187.928040000001,80.4893079999999,26.1251010020304,1.16774942655658
,,,0.43654,0.583484,188.364580000001,81.0727919999999,26.1857872710482,1.17621468887943
,,,0.43654,0.509028,188.801120000001,81.5818199999999,26.246473540066,1.1835997337987
,,,0.43655,0.509028,189.237670000001,82.0908479999999,26.3071611992489,1.19098477871798
,,,0.43654,0.509028,189.674210000001,82.5998759999999,26.3678474682667,1.19836982363725
,,,0.43654,0.509028,190.110750000001,83.1089039999999,26.4285337372845,1.20575486855652
,,,0.43654,0.408748,190.547290000001,83.5176519999999,26.4892200063023,1.21168503809663
,,,0.43655,0.408748,190.983840000001,83.9264,26.5499076654852,1.21761520763674
,,,0.43654,0.408747,191.420380000001,84.3351469999999,26.610593934503,1.22354536266872
,,,0.43654,0.408748,191.856920000001,84.743895,26.6712802035208,1.22947553220883
,,,0.43654,0.289647,192.293460000001,85.033542,26.7319664725386,1.23367776883576
,,,0.43654,0.289647,192.730000000001,85.323189,26.7926527415564,1.23788000546269
,,,0.43654,0.289648,193.166540000001,85.612837,26.8533390105742,1.24208225659775
,,,0.43654,0.289647,193.603080000001,85.902484,26.914025279592,1.24628449322468
,,,0.43654,0.159484,194.039620000001,86.061968,26.9747115486097,1.24859830799304
,,,0.43655,0.159484,194.476170000001,86.221452,27.0353992077927,1.25091212276139
,,,0.43654,0.159484,194.912710000001,86.380936,27.0960854768105,1.25322593752974
,,,0.43654,0.159484,195.349250000001,86.54042,27.1567717458283,1.2555397522981
,,,0.43654,0.02629,195.785790000001,86.56671,27.2174580148461,1.25592117106274
,,,0.43655,0.02629,196.222340000001,86.593,27.278145674029,1.25630258982738
,,,0.43654,0.02629,196.658880000001,86.61929,27.3388319430468,1.25668400859202
,,,0.43654,0.02629,197.095420000001,86.64558,27.3995182120646,1.25706542735666
,,,0.43654,-0.102124,197.531960000001,86.543456,27.4602044810824,1.25558379898389
,,,0.43655,-0.102123,197.968510000001,86.441333,27.5208921402653,1.25410218511925
,,,0.43654,-0.102124,198.405050000001,86.339209,27.5815784092831,1.25262055674647
,,,0.43654,-0.102124,198.841590000001,86.237085,27.6422646783009,1.2511389283737
,,,0.43654,-0.218568,199.278130000001,86.018517,27.7029509473187,1.24796791519188
,,,0.43655,-0.218568,199.714680000001,85.799949,27.7636386065016,1.24479690201006
,,,0.43654,-0.218567,200.151220000001,85.581382,27.8243248755194,1.24162590333637
,,,0.43654,-0.218568,200.587760000001,85.362814,27.8850111445372,1.23845489015455
,,,0.43654,-0.316899,201.024300000001,85.045915,27.945697413555,1.23385727794093
,,,0.43655,-0.3169,201.460850000001,84.729015,28.0063850727379,1.22925965121918
,,,0.43654,-0.316899,201.897390000001,84.412116,28.0670713417557,1.22466203900557
,,,0.43654,-0.3169,202.333930000001,84.0952159999999,28.1277576107735,1.22006441228382
,,,0.43654,-0.392306,202.770470000001,83.7029099999999,28.1884438797913,1.21437278543402
,,,0.43655,-0.392306,203.207020000001,83.310604,28.2491315389742,1.20868115858422
,,,0.43654,-0.392306,203.643560000001,82.9182979999999,28.309817807992,1.20298953173442
,,,0.43654,-0.392306,204.080100000001,82.5259919999999,28.3705040770098,1.19729790488462
,,,0.43654,-0.441526,204.516640000001,82.0844659999999,28.4311903460276,1.19089218782578
,,,0.43654,-0.441525,204.953180000001,81.6429409999999,28.4918766150454,1.18448648527507
,,,0.43654,-0.441525,205.389720000001,81.2014159999999,28.5525628840632,1.17808078272436
,,,0.43654,-0.441526,205.826260000001,80.7598899999999,28.613249153081,1.17167506566552
,,,0.43654,-0.462959,206.262800000001,80.2969309999999,28.6739354220988,1.16495839583442
,,,0.43655,-0.46296,206.699350000001,79.833971,28.7346230812817,1.1582417114952
,,,0.43654,-0.462959,207.135890000001,79.371012,28.7953093502995,1.15152504166411
,,,0.43654,-0.462959,207.572430000001,78.908053,28.8559956193173,1.14480837183301
,,,0.43654,-0.456686,208.008970000001,78.451367,28.9166818883351,1.13818271150784
,,,0.43655,-0.456687,208.445520000001,77.99468,28.977369547518,1.13155703667453
,,,0.43654,-0.456686,208.882060000001,77.5379939999999,29.0380558165358,1.12493137634936
,,,0.43654,-0.456687,209.318600000001,77.0813069999999,29.0987420855536,1.11830570151605
,,,0.43654,-0.42438,209.755140000001,76.6569269999999,29.1594283545714,1.11214874087176
,,,0.43655,-0.424381,210.191690000001,76.2325459999999,29.2201160137543,1.10599176571934
,,,0.43654,-0.424381,210.628230000002,75.808165,29.2808022827721,1.09983479056692
,,,0.43654,-0.42438,211.064770000001,75.383785,29.3414885517899,1.09367782992263
,,,0.43654,-0.369135,211.501310000002,75.0146499999999,29.4021748208077,1.0883223709768
,,,0.43655,-0.369136,211.937860000002,74.645514,29.4628624799906,1.08296689752285
,,,0.43654,-0.369135,212.374400000002,74.276379,29.5235487490084,1.07761143857702
,,,0.43654,-0.369135,212.810940000002,73.9072439999999,29.5842350180262,1.07225597963119
,,,0.43654,-0.295223,213.247480000002,73.6120209999999,29.644921287044,1.06797284566567
,,,0.43655,-0.295223,213.684030000002,73.3167979999999,29.705608946227,1.06368971170015
,,,0.43654,-0.295222,214.120570000002,73.021576,29.7662952152447,1.05940659224275
,,,0.43654,-0.295223,214.557110000002,72.726353,29.8269814842625,1.05512345827723
,,,0.43654,-0.207787,214.993650000002,72.518566,29.8876677532803,1.05210885725599
,,,0.43655,-0.207786,215.430200000002,72.31078,29.9483554124633,1.04909427074288
,,,0.43654,-0.207787,215.866740000002,72.102993,30.0090416814811,1.04607966972163
,,,0.43654,-0.207786,216.303280000002,71.895207,30.0697279504989,1.04306508320852
,,,0.43654,-0.112509,216.739820000002,71.782698,30.1304142195166,1.04143278789506
,,,0.43654,-0.11251,217.176360000002,71.670188,30.1911004885344,1.03980047807346
,,,0.43654,-0.112509,217.612900000002,71.557679,30.2517867575522,1.03816818275999
,,,0.43654,-0.112509,218.049440000002,71.44517,30.31247302657,1.03653588744653
,,,0.43654,-0.01525,218.485980000002,71.42992,30.3731592955878,1.0363146384484
,,,0.43655,-0.01525,218.922530000002,71.41467,30.4338469547707,1.03609338945027
,,,0.43654,-0.01525,219.359070000002,71.39942,30.4945332237885,1.03587214045215
,,,0.43654,-0.01526,219.795610000002,71.38416,30.5552194928063,1.03565074637271
,,,0.43654,0.07828,220.232150000002,71.46244,30.6159057618241,1.03678644286933
,,,0.43655,0.07828,220.668700000002,71.54072,30.6765934210071,1.03792213936595
,,,0.43654,0.07828,221.105240000002,71.619,30.7372796900249,1.03905783586256
,,,0.43654,0.07828,221.541780000002,71.69728,30.7979659590426,1.04019353235918
,,,0.43654,0.162869,221.978320000002,71.860149,30.8586522280604,1.04255645715106
,,,0.43655,0.16287,222.414870000002,72.023019,30.9193398872434,1.04491939645106
,,,0.43654,0.162869,222.851410000002,72.185888,30.9800261562612,1.04728232124293
,,,0.43654,0.162869,223.287950000002,72.348757,31.040712425279,1.0496452460348
,,,0.43654,0.234068,223.724490000002,72.582825,31.1013986942967,1.05304113524751
,,,0.43655,0.234067,224.161040000002,72.816892,31.1620863534797,1.05643700995208
,,,0.43654,0.234067,224.597580000002,73.050959,31.2227726224975,1.05983288465665
,,,0.43654,0.234068,225.034120000002,73.285027,31.2834588915153,1.06322877386936
,,,0.43654,0.2884,225.470660000002,73.573427,31.3441451605331,1.0674129188569
,,,0.43655,0.288401,225.907210000002,73.861828,31.404832819716,1.07159707835257
,,,0.43654,0.2884,226.343750000002,74.150228,31.4655190887338,1.07578122334012
,,,0.43654,0.2884,226.780290000002,74.438628,31.5262053577516,1.07996536832766
,,,0.43654,0.323534,227.216830000002,74.762162,31.5868916267694,1.08465924199062
,,,0.43655,0.323534,227.653380000002,75.085696,31.6475792859523,1.08935311565359
,,,0.43654,0.323535,228.089920000002,75.409231,31.7082655549701,1.09404700382469
,,,0.43654,0.323534,228.526460000002,75.732765,31.7689518239879,1.09874087748765
,,,0.43654,0.338352,228.963000000002,76.071117,31.8296380930057,1.10364973263614
,,,0.43654,0.338351,229.399540000002,76.409468,31.8903243620235,1.1085585732765
,,,0.43654,0.338352,229.836080000002,76.74782,31.9510106310413,1.11346742842499
,,,0.43654,0.338352,230.272620000002,77.086172,32.0116969000591,1.11837628357348
